white: 0.5968429646366299
black: 0.3188859767189752
asian: 0.037190262451440054
hispanic: 0.05525975662979772
