white: 0.5598017608224701
black: 0.33835459408295937
asian: 0.03380163416041051
hispanic: 0.058028023429894465
income: 66262.16353704337
