white: 0.5642449002221661
black: 0.3377800910451584
asian: 0.03174595575017315
hispanic: 0.057412193904126475
income: 66054.5083910216
