white: 0.5518849747269066
black: 0.35147474471255297
asian: 0.03062263437783066
hispanic: 0.057592294154963274
income: 64461.717908860344
