white: 0.5557426778255731
black: 0.3497802479035378
asian: 0.03097345836362406
hispanic: 0.053128617193243445
income: 67664.67303174507
