white: 0.5544311456134315
black: 0.34998509366048475
asian: 0.03151131573760068
hispanic: 0.05385243228899558
income: 67402.38018709523
