white: 0.5428908880175253
black: 0.3623172794659805
asian: 0.0283048142853401
hispanic: 0.05606153067161233
income: 62570.785793038274
