white: 0.5103926478911842
black: 0.3984088807289194
asian: 0.020544724835467473
hispanic: 0.06882866356210823
income: 60961.80371826958
