white: 0.5395766732921552
black: 0.37086862769141365
asian: 0.025329098970471003
hispanic: 0.05750910887665721
income: 68145.41529235382
