white: 0.5729086822159153
black: 0.3443526794377192
asian: 0.03548692436781482
hispanic: 0.056232144755021335
