white: 0.5555545562152888
black: 0.34645274726239783
asian: 0.030334331403827013
hispanic: 0.057190850509799836
income: 63542.82530661083
