white: 0.5657825700927492
black: 0.3516014251380782
asian: 0.03480508836392486
hispanic: 0.05934273137075604
